2 407 398
3 615 407
6 365 627
11 285 438
13 362 735
14 285 531
16 518 609
17 330 423
18 542 443
20 593 311
21 474 563
22 740 363
23 267 612
24 770 554
27 314 635
28 419 524
30 467 635
31 395 441
32 686 440
34 683 396
35 401 594
37 747 434
38 351 600
41 524 642
43 240 725
44 285 738
45 212 690
46 725 510
47 692 509
48 664 506
49 630 504
50 597 512
51 560 516
52 533 503
53 194 430
54 672 633
55 633 633
56 720 684
57 702 633
59 204 619
61 257 869
63 591 632
64 732 633
65 756 633
69 599 789
73 131 412
82 738 855
88 229 174
91 290 355
92 493 363
